91.4634
91.4634
91.1834
91.8788
91.1772
89.7992
90.3571
92.0227
91.9105
91.141
91.9571
91.8744
90.1645
89.8047
91.6464
93.1426
93.4519
92.3365
91.5574
92.0669
92.2745
92.7285
94.4017
95.7123
95.2184
95.2685
96.3945
96.8731
97.1613
97.054
97.7903
98.6842
98.6842
98.8201
99.1469
99.3377
99.3377
99.3377
99.1469
98.9404
99.0789
98.9587
99.3053
99.7168
99.4225
99.7811
101.133
102.041
101.372
100.954
101.278
101.495
101.839
102.041
102.041
102.041
102.041
102.228
102.578
102.67
102.32
102.041
102.041
101.581
101.059
101.174
101.166
99.5098
98.0392
97.8279
96.9769
95.6878
95.2898
95.2657
93.4809
91.1667
90.3614
88.0565
85.8787
85.819
84.4828
83.5102
83.5912
83.184
83.0755
83.1042
82.674
82.6416
82.6266
82.1936
82.2086
81.7388
80.637
80.2139
80.2139
80.2415
80.4571
80.7847
81.0026
81.0811
81.0811
81.3063
82.4324
83.5102
84.1379
85.3978
85.5231
85.0443
85.4237
85.1719
84.9153
85.3747
86.185
86.7052
86.8383
87.0903
87.2093
87.2093
87.3113
87.5746
87.9856
88.2353
88.8264
90.721
92.0245
92.0245
91.4768
90.1074
89.2857
90.463
91.9982
92.3535
93.6437
93.229
91.8115
92.6347
93.1677
93.7255
93.1451
91.5578
91.3269
92.3565
93.389
93.9649
94.7596
95.6767
96.7582
97.6169
97.9552
98.1321
98.4546
98.6842
98.6842
98.6842
98.6842
98.7522
99.0789
99.6689
100
100
100
100.067
100.403
100.671
100.949
101.507
101.757
101.633
101.823
102.424
103.068
103.423
103.233
103.034
103.151
103.034
103.134
103.448
103.448
103.448
103.618
103.977
104.167
104.161
103.802
103.756
103.862
103.362
103.034
103.075
102.565
101.329
100.96
101.3
100.711
99.4639
99.0789
98.9927
98.1459
97.6987
97.5524
96.4537
93.8084
92.2608
92.0937
91.3595
91.2461
90.0043
88.3902
88.2833
88.5444
87.4915
85.9699
85.6912
84.9689
84.2697
84.2697
84.2697
84.4506
84.8552
85.3966
85.9468
85.7898
85.0731
84.7458
85.0944
85.5787
85.7143
85.4903
85.2468
85.3837
86.8877
88.2353
86.9463
86.9463
86.9463
86.9463
85.6331
87.4806
88.8293
90.5285
91.3636
92.6799
93.75
94.2014
95.1731
95.9236
96.464
96.5385
96.3871
96.6228
96.7842
97.0984
97.6572
98.1613
98.5475
98.6378
98.3153
98.3359
98.8885
99.0789
99.0331
99.5263
100
99.1373
99.2432
100.944
101.362
99.8657
98.6842
98.9665
98.4525
97.4782
97.6698
98.0392
97.1267
97.3302
98.892
99.1404
98.5695
99.098
100.295
100.4
100.105
100
99.9421
99.2842
98.9692
99.2959
99.0417
98.3924
98.0418
98.3643
98.1767
97.8947
98.4023
98.6429
98.3204
98.6262
99.5059
99.4131
98.7099
98.8651
99.3377
99.058
98.9404
99.0789
98.8698
98.6842
99.011
99.0789
98.9404
99.0789
98.9404
99.0606
99.0293
98.7025
98.5191
98.1966
98.0808
98.73
97.1986
94.6995
94.3396
94.2072
94.2072
94.2072
94.2072
94.2072
94.2072
88.9888
90.3422
90.9091
91.1685
92.3431
93.904
94.7699
95.2657
96.5805
98.0255
98.9472
100.067
100.677
101.361
101.754
101.633
102.084
102.555
102.788
103.142
102.761
101.782
101.633
101.757
101.544
101.376
101.721
101.732
101.387
101.351
101.351
101.297
100.957
101
101.074
100.35
99.6098
99.2802
98.9535
99.6379
100.631
100.478
100.268
100.524
101.074
101.351
101.351
101.569
101.569
101.569
100.623
99.6296
99.6296
104.167
103.917
103.75
104.14
104.671
104.826
104.102
103.448
103.448
103.23
102.876
102.839
103.151
103.051
103.077
103.716
104.092
104.167
104.167
104.167
104.178
104.543
104.572
104.207
104.167
104.167
103.967
103.293
103.134
103.448
103.168
103.034
102.989
102.418
102.08
102.429
102.084
101.918
102.573
102.74
102.74
102.74
102.74
102.74
102.74
102.536
101.501
99.6778
98.6842
98.3695
96.6559
94.9417
94.7815
94.9367
92.2468
90.7785
92.6852
92.9815
92.5926
92.8042
93.3543
94.0162
94.3396
94.3396
94.3396
94.4471
94.7456
94.9367
94.9367
94.9367
95.216
96.1549
97.1085
97.6674
98.1818
98.5578
98.8
99.4579
99.3579
99.2
99.8421
100
100
100
100
100
100.188
100.523
100.612
100.277
100
100.26
100.4
100.268
100.53
101.074
101.009
100.949
100.862
100.541
100.968
101.308
100.632
100.29
100.854
101.074
100.946
101.151
101.735
101.718
101.633
101.955
101.767
101.224
101.498
102.041
101.746
101.633
101.928
101.931
101.633
101.743
101.71
101.365
101.555
101.476
100.454
99.2
99.3421
98.7097
97.451
97.1394
95.6458
95.6348
95.0514
93.2661
92.9896
91.2979
91.8811
93.2204
92.6499
94.1279
94.8972
94.1038
93.508
92.9348
92.9446
92.6327
92.4224
92.9574
93.1045
91.9752
92.1715
93.6149
93.5849
93.8568
93.8099
93.0468
92.5223
91.8451
91.184
91.2928
91.8505
92.1171
93.2747
93.6338
93.2075
93.985
94.7098
92.704
91.3256
92.6738
93.1265
92.555
92.2427
92.5267
92.4932
91.9286
91.4634
91.7751
92.4133
92.9538
93.1677
93.7692
94.6537
94.9367
94.9367
95.4771
96.4853
97.3077
97.9101
98.4211
98.372
98.5326
98.9964
98.8358
98.7182
99.045
99.6344
99.7351
99.6
99.9271
100.4
100.303
100.301
100.636
100.671
100.78
101.12
101.351
101.351
101.616
101.961
101.897
101.633
101.757
101.677
101.957
102.651
102.552
102.329
102.516
102.74
102.74
102.146
101.683
102.101
102.114
100.964
100.379
100.357
100.021
100
99.8887
99.6
99.7113
100
100
100.177
100.513
100.671
100.671
100.671
100.93
101.074
100.815
100.671
100.671
100.671
102.905
102.905
96.4238
99.8268
97.9788
102.074
100.874
100.874
100.874
94.7721
93.8649
91.706
91.5335
90.5322
90.0974
89.8032
89.0012
88.7574
89.2846
89.9936
90.3582
90.7273
91.1885
91.6587
91.9392
92.0245
92.0245
92.2472
91.2177
88.7639
88.9619
89.3257
87.6901
86.6545
86.462
87.531
87.6069
83.9691
84.213
87.01
85.5312
85.7983
87.2093
87.2093
87.2093
87.2093
87.9091
89.2146
89.8204
90.2907
90.9858
91.7399
93.603
94.6477
94.557
94.9766
95.4782
96.2663
96.7742
96.5583
96.5279
97.1964
98.1818
98.3617
98.543
99.571
100.383
100.609
100.274
100.33
100.935
101.49
101.465
100.657
100.413
100.671
100.96
101.3
101.351
101.351
101.313
100.973
101.623
102.657
102.947
102.856
102.207
102.68
103.836
103.833
103.202
102.822
102.893
103.345
103.949
104.575
104.189
103.759
103.862
103.569
103.572
104.001
104.601
104.895
104.566
103.932
103.537
103.448
103.163
102.145
101.726
101.726
101.887
102.551
102.74
102.74
102.74
102.74
102.429
102.329
102.639
102.74
102.595
101.901
101.351
101.066
100.726
100.826
100.892
100.071
99.3377
99.3377
99.3377
99.3377
99.3377
99.3222
98.6729
98.0392
97.1457
95.5944
94.8943
94.0097
92.9492
92.795
92.8148
91.8396
90.9091
90.9091
90.969
91.2461
90.9653
90.4143
90.4294
90.7032
89.9107
88.6845
88.4024
88.5527
88.5318
88.2708
88.0892
87.0751
87.3645
88.4804
87.8321
87.4725
86.8919
85.7083
85.5331
87.2429
89.1654
89.6899
89.8204
90.0476
90.6003
91.1391
91.1308
91.153
91.9142
92.7996
93.1677
93.4565
94.8243
96.1923
96.3871
96.5335
97.3966
98.2742
98.6068
98.6842
98.7208
99.0476
99.3377
99.3377
99.4993
99.9271
100.465
101.044
101.351
101.104
100.764
100.788
101.128
101.351
101.688
102.312
102.894
103.318
103.338
103.034
103.145
103.448
103.744
103.862
103.566
103.575
103.934
104.132
103.419
103.688
104.498
104.053
103.904
104.478
104.797
104.073
103.799
104.458
104.583
104.283
104.032
103.908
104.718
104.842
104.505
104.583
103.794
103.167
103.044
102.621
102.835
103.105
103.034
102.927
102.294
101.844
101.191
101.044
101.041
100.946
101.256
101.232
100.733
99.5187
98.3798
98.0573
97.7255
97.093
96.7643
96.1479
95.7741
95.465
94.4742
94.481
94.0805
94.2113
95.5438
95.7692
95.9015
93.4662
90.57
89.5977
86.7899
84.9518
84.8726
84.1969
84.038
84.2697
84.3097
84.5477
84.9268
85.1676
85.2273
86.1549
87.2887
87.7575
88.6529
89.5124
90.2003
91.0625
91.4634
91.4634
91.625
91.8293
91.6677
91.1973
91.0976
91.3636
91.4214
88.7931
86.2069
86.564
88.1034
86.8496
85.7273
88.6554
88.2382
87.5511
89.3578
89.8398
90.1104
90.3614
90.3614
91.0664
91.0664
91.0664
91.0664
94.1248
94.1248
94.1248
95.1641
95.6183
95.9995
96.1538
97.419
98.4314
98.2895
98.7686
99.5684
100
100
100
99.8199
99.4887
99.2959
98.9692
98.6842
98.9116
98.9116
98.9116
93.7521
92.3333
92.3333
92.3333
92.3333
102.162
101.918
102.162
102.74
102.449
102.1
102.209
102.449
102.377
102.84
103.799
103.282
102.684
103.376
103.862
103.75
103.871
104.167
103.853
103.75
104.063
104.02
103.75
103.897
104.167
104.167
104.167
104.167
103.991
103.75
103.925
104.167
104.167
104.167
104.167
103.963
103.459
103.034
103.151
103.066
102.74
102.74
102.74
102.74
102.911
103.624
104.167
103.83
103.75
103.641
103.17
103.151
102.989
102.74
101.747
99.7019
98.3445
97.7376
96.7728
95.8256
95.7913
95.9236
95.3942
94.3757
94.0542
94.7963
95.2448
95.1592
95.3116
95.2439
94.9415
95.0746
95.3769
95.5414
95.5414
94.527
92.9413
92.2222
92.3336
92.3676
89.6296
89.6296
86.2651
87.597
84.3232
86.0246
84.7059
81.9415
84.7059
84.1135
83.2941
86.2782
85.6444
85.6236
87.9036
88.0473
88.2467
88.7574
88.9232
89.4547
90.0844
89.8352
89.4402
90.5109
90.655
90.1863
90.6277
90.5455
90.9124
91.8519
91.9791
91.075
90.9477
92.3232
93.4665
93.922
94.8177
96.1183
96.3057
96
96.367
96.402
95.5745
95.598
96.4875
96.8395
97.1537
98.028
98.9172
99.2593
99.5671
100.183
100.285
100.319
100.914
101.468
101.895
102.041
102.041
102.041
101.74
101.633
101.583
101.224
101.525
101.646
101.682
101.757
101.426
101.351
101.351
101.368
101.713
102.041
102.041
102.407
102.733
102.207
102.568
102.383
102.224
102.568
101.863
101.973
102.499
102.74
102.74
103.316
104.03
103.807
103.456
104.041
104.056
104.195
103.938
103.374
103.763
103.459
102.866
102.351
102.79
102.5
102.207
102.761
102.087
100.965
99.8764
99.6636
100.258
100.599
100.671
100.465
99.471
99.0084
98.8261
96.6544
93.6418
91.879
90.4268
89.338
89.216
88.9518
88.7574
88.4667
87.9477
87.7193
87.9319
88.1899
87.9565
85.2753
83.8049
84.9208
84.219
84.1061
85.2529
85.9052
85.4646
85.3336
86.3133
86.7052
86.293
85.9039
86.161
88.652
89.9465
89.0909
90.0317
90.343
90.3987
91.1116
91.1382
91.8114
91.9394
91.4815
92
91.6162
91.8577
92.5166
92.0497
92.5201
94.0097
94.486
94.1772
94.5425
94.5952
94.8636
95.2782
95.267
95.5743
94.188
94.0313
95.812
96.448
97.3906
98.0392
98.3179
98.8521
99.5161
100.215
100.285
100.708
101.058
100.946
101.24
101.248
100.985
101.433
102.041
101.779
101.633
101.895
102.041
102.075
102.778
103.448
103.448
103.652
104.163
104.389
103.636
103.929
104.201
103.765
103.632
103.333
103.796
104.167
104.167
104.167
103.545
103.333
103.757
103.47
102.955
102.701
102.007
101.652
101.997
102.041
101.805
101.12
100.671
100.031
99.3644
99.16
98.9404
99.0789
98.9718
98.6842
98.6842
98.6842
98.7679
99.0946
99.3377
99.0633
98.7365
98.6842
98.6223
98.2998
98.0392
98.2792
98.4314
98.3888
98.8859
99.3377
99.0476
98.9404
99.2306
99.2541
98.9017
98.0178
97.4026
97.2216
97.6764
99.5316
99.0769
96.5464
94.262
93.0832
95.0188
96.4293
94.8638
92.2527
90.4923
91.3228
92.8617
93.1493
93.7052
95.0967
95.1451
94.5904
95.0631
95.4132
95.561
95.8672
95.904
96.4777
97.7724
97.753
96.7083
97.8154
100.187
101.29
102.754
104.801
104.801
104.801
100.723
99.7831
99.0834
99.3709
101.284
103.085
103.151
103.034
102.812
100.822
96.8919
97.9577
100.498
100.135
100.989
101.259
100.946
101.038
103.606
102.673
102.673
102.673
98.8235
98.621
98.323
98.4314
97.7328
96.7413
96.5236
96.7742
96.5533
96.2432
95.9579
95.0508
94.6214
94.92
94.5688
93.6843
93.1677
93.4123
93.7034
93.9161
94.4907
93.7459
92.7996
93.0872
93.2096
93.5008
94.2627
94.6769
94.459
94.3068
93.7208
92.7287
92.2889
92.3926
92.2608
92.2699
92.554
92.5153
92.2313
92.2995
92.7767
93.6467
95.1925
95.806
95.5414
95.3527
95.0504
94.9657
95.2681
95.2874
95.1592
95.3165
95.0767
93.699
92.5926
92.5926
92.5926
92.5926
92.5926
92.9259
93.5046
93.7595
94.3528
94.9367
94.6472
94.1151
94.1061
94.0637
94.3564
95.1123
95.2858
96.3373
97.6903
98.228
98.7326
99.1626
99.3536
99.6848
100.285
100.843
101.234
101.351
101.387
101.732
101.732
101.732
101.732
103.162
103.616
101.588
103.001
104.537
104.895
104.368
104.056
104.583
104.793
104.429
104.167
104.167
104.167
103.925
103.566
103.448
103.517
103.876
104.167
103.848
103.231
103.034
103.011
102.541
102.449
102.371
102.041
102.287
102.449
102.079
101.633
101.757
101.696
101.074
100.734
100.818
100.908
100.095
99.3377
99.0659
98.9404
99.3474
99.7351
99.6
99.6689
99.7351
99.2105
98.9404
99.0789
98.9561
98.0742
97.2071
96.8622
96.3414
94.5382
93.1677
93.5568
93.363
91.5708
90.3614
90.9735
90.5484
87.9642
88.9403
91.6677
91.7118
91.2303
90.9091
91.3463
91.12
89.6069
88.7574
89.5923
89.596
87.6902
89.6041
90.9194
89.747
91.4431
90.6979
90.012
91.2597
91.0376
92.2861
93.75
93.75
93.9256
94.5287
95.2487
96.0197
96.6361
96.6824
96.4022
96.8082
97.4026
97.5885
98.0229
98.4778
98.6842
98.0895
97.6703
98.2489
98.9087
98.9563
99.3737
100.285
100.843
101.234
101.351
101.351
101.351
101.351
101.351
101.351
101.478
101.691
101.224
101.356
102.329
102.449
102.329
102.449
102.329
102.438
102.401
102.329
102.449
102.648
103.474
103.605
102.649
102.376
103.006
103.375
103.116
102.516
102.405
101.957
102.007
101.898
101.101
100.807
100.005
99.7325
99.3474
99.2
99.2879
98.8
99.2647
99.2421
96.9304
94.4622
93.4578
93.0859
92.2338
90.6098
89.5209
89.3114
89.5787
90.4447
89.8694
87.0296
87.3377
88.3877
87.6678
89.1037
87.8354
86.4372
87.8435
86.1958
86.7307
88.5444
86.8069
88.8706
89.9819
88.7881
91.7052
91.5296
91.4557
93.1282
92.0058
93.7674
93.9775
93.268
94.7561
93.2903
94.2887
95.7712
93.76
92.597
93.9918
94.0906
92.4208
91.4859
89.853
91.6378
93.036
92.2068
93.5033
92.8944
93.2251
93.8559
92.4841
93.8923
95.5414
95.3068
95.6357
96.4557
95.8342
95.555
95.2308
94.6154
95.1801
94.3024
95.1835
95.986
95.0649
96.3145
97.023
97.6986
98.6537
98.8594
99.2947
99.7775
100
100.627
101.05
100.946
100.95
100.483
100.392
101.34
102.024
101.826
101.786
102.256
102.262
101.663
101.666
102.01
101.848
101.503
101.222
100.546
100.333
100.668
100.671
100.394
99.9365
100.546
101.003
100.116
99.6564
99.5965
98.9961
98.2946
98.0392
97.5585
96.926
96.4334
95.2161
94.3396
94.3396
94.3396
94.3396
94.3396
88.2574
86.3564
86.3564
86.3564
86.9941
82.0202
87.9581
85.3241
80.8937
84.7166
83.6304
85.642
89.1566
83.7376
86.9536
90.5487
85.0047
87.7394
89.0337
85.6351
85.5968
91.3702
98.1032
94.8083
88.6039
92.5314
94.2925
90.631
91.2786
92.5679
88.7823
85.8347
88.4175
89.6279
89.3186
88.9435
89.5176
90.9947
89.2786
87.9755
90.3163
89.9858
90.4756
92.5657
92.963
92.7683
91.1843
91.7655
94.4978
95.1592
95.2874
95.5414
95.5414
95.0762
94.2101
96.5736
97.9114
96.121
95.7692
96.0123
96.5087
96.7742
97.4083
98.0762
97.7563
97.4026
97.7158
98.0341
97.7002
97.0677
96.8096
97.4421
98.3075
98.63
98.6842
98.6842
98.6842
99.0005
99.3273
99.5205
